basler1_pitch_joint: -0.03247779599087367
basler1_roll_joint: -1.617381263989989
basler1_x_joint: 0.3465529230858673
basler1_y_joint: 0.1523143487762884
basler1_yaw_joint: -1.698818363193952
basler1_z_joint: 0.07384580906824205
basler2_pitch_joint: -0.288
basler2_roll_joint: 0.064
basler2_x_joint: 0.28
basler2_y_joint: 0.001
basler2_yaw_joint: 0.007
basler2_z_joint: 0.016
target1_frame_pitch_joint: -0.001592653589794088
target1_frame_roll_joint: 1.527460494462421
target1_frame_x_joint: 1.265081092754417
target1_frame_y_joint: 0.07497983025949131
target1_frame_yaw_joint: -1.59397565623614
target1_frame_z_joint: 0.001934548441723273
target2_frame_pitch_joint: 0.03792140892297383
target2_frame_roll_joint: -1.500730642751891
target2_frame_x_joint: 0.01880985822553257
target2_frame_y_joint: -0.06659030359283731
target2_frame_yaw_joint: 2.638641273816269
target2_frame_z_joint: 0.1113080780809603