basler1_pitch_joint: 3.14
basler1_roll_joint: 1.5
basler1_x_joint: 0.3
basler1_y_joint: 0.15
basler1_yaw_joint: 1.7
basler1_z_joint: 0.0
basler2_pitch_joint: 0
basler2_roll_joint: 0
basler2_x_joint: 0.32
basler2_y_joint: 0
basler2_yaw_joint: 0
basler2_z_joint: 0
target1_frame_pitch_joint: -3.14
target1_frame_roll_joint: -2.114132159127371
target1_frame_x_joint: 0.9650810927544169
target1_frame_y_joint: 0.07497983025949131
target1_frame_yaw_joint: -4.535568309825933
target1_frame_z_joint: 0.001934548441723273
target2_frame_pitch_joint: 0.2346505076585615
target2_frame_roll_joint: -0.0141321591273694
target2_frame_x_joint: 0.7650810927544169
target2_frame_y_joint: -0.0250201697405087
target2_frame_yaw_joint: 0.06443169017406751
target2_frame_z_joint: 0.001934548441723273