basler3_pitch_joint: 0.04647023112095359
basler3_roll_joint: -1.65172112587062
basler3_x_joint: 0.3993687072487733
basler3_y_joint: 0.1277619668142751
basler3_yaw_joint: -1.596866288613909
basler3_z_joint: 0.07538680406643757
basler4_pitch_joint: -0.1478362173833168
basler4_roll_joint: -0.01844341056243519
basler4_x_joint: 0.2758725645564722
basler4_y_joint: -0.01428909887664014
basler4_yaw_joint: -0.01493530812268623
basler4_z_joint: 0.002041099940854149
target1_frame_pitch_joint: -0.001592653589794088
target1_frame_roll_joint: 1.527460494462421
target1_frame_x_joint: 1.265081092754417
target1_frame_y_joint: 0.07497983025949131
target1_frame_yaw_joint: -1.59397565623614
target1_frame_z_joint: 0.001934548441723273
target2_frame_pitch_joint: 0.01294099209675139
target2_frame_roll_joint: -1.486993669236591
target2_frame_x_joint: 0.01968244542982768
target2_frame_y_joint: -0.06409841601284277
target2_frame_yaw_joint: 2.627172278954218
target2_frame_z_joint: 0.1100592388713134