image_width: 640
image_height: 480
camera_name: rgb_PS1080_PrimeSense
camera_matrix:
   rows: 3
   cols: 3
   data: [546.0 0.0, 318.0, 0.0, 545.0, 235.0, 0.0, 0.0, 1.0]
distortion_model: plumb_bob
distortion_coefficients:
   rows: 1
   cols: 5
   data: [ 0.0, 0.0, 0.0, 0.0, 0.0]
rectification_matrix:
   rows: 3
   cols: 3
   data: [ 1.0, 0.0, 0.0, 0.0, 1.0, 0.0, 0.0, 0.0, 1.0]
projection_matrix:
   rows: 3
   cols: 4
   data: [ 546.0 0.0, 318.0, 0.0, 0.0,  545.0, 235.0, 0.0, 0.0, 0.0, 1.0, 0.0] 